BASCH  157 26.4 2007  720 
BANTL  155 25.8 2009  550 
BBARR  159 26.6 2016   20 
BBLUN  160 26.8 2015  100 
BCHIC  164 27.2 2016   14 
BCHOP  165 27.3 2013  222 
BCLAS  158 26.1 2012  316 
KPROT  169 27.5 2011  402 
KRAYG  172 27.9 2009  520 
KTURB   80 20.0 2007  714 
KWILQ  110 22.0 2006  780 
LJAMI  145 24.0 2008  632 
LKATE  134 21.0 2016   26 
LSKUN  160 26.8 2006  762 
LSNOW  151 25.5 2012  296 
LTRAV  180 28.2 2015   94 
NPANT  164 27.2 2014  148 
NTEAM  159 26.2 2015   88 
NULTI  155 25.8 2016   30 
ABCDE  147 25.0 2015  125 
